# adjfunc
adjfunc 0 2 255 1500 1500 1 1000 2000 1500 1500 0 1 4
adjfunc 1 1 255 1500 1500 2 990 2000 1500 1500 0 1 3
adjfunc 2 0 0 1500 1500 0 1500 1500 1500 1500 0 0 100
adjfunc 3 14 3 1165 1215 4 1385 1405 1280 1300 5 10 200
adjfunc 4 18 3 1165 1215 4 1175 1195 1075 1095 5 10 200
adjfunc 5 22 3 1165 1215 4 1695 1715 1595 1615 5 10 200
adjfunc 6 15 3 1370 1420 4 1380 1400 1280 1300 5 10 200
adjfunc 7 19 3 1370 1420 4 1175 1195 1075 1095 5 10 200
adjfunc 8 23 3 1370 1420 4 1700 1720 1595 1615 5 10 200
adjfunc 9 16 3 1575 1625 4 1380 1400 1280 1300 5 10 201
adjfunc 10 20 3 1575 1625 4 1175 1195 1075 1095 5 10 200
adjfunc 11 24 3 1575 1625 4 1695 1715 1595 1615 5 10 200
adjfunc 12 17 3 1785 1835 4 1380 1400 1280 1300 5 10 200
adjfunc 13 21 3 1785 1835 4 1175 1195 1075 1095 5 10 200
adjfunc 14 25 3 1785 1835 4 1695 1715 1595 1615 5 10 200
adjfunc 15 56 3 1975 2025 4 1380 1400 1280 1300 5 0 200
adjfunc 16 57 3 1975 2025 4 1175 1195 1075 1095 5 0 250
adjfunc 17 58 3 1975 2025 4 1695 1715 1595 1615 5 0 200
adjfunc 18 29 3 1160 1210 4 1900 1920 1800 1820 5 0 150
adjfunc 19 0 0 1500 1500 0 1500 1500 1500 1500 0 0 100
adjfunc 20 0 0 1500 1500 0 1500 1500 1500 1500 0 0 100
adjfunc 21 0 0 1500 1500 0 1500 1500 1500 1500 0 0 100
adjfunc 22 0 0 1500 1500 0 1500 1500 1500 1500 0 0 100
adjfunc 23 0 0 1500 1500 0 1500 1500 1500 1500 0 0 100
adjfunc 24 0 0 1500 1500 0 1500 1500 1500 1500 0 0 100
adjfunc 25 0 0 1500 1500 0 1500 1500 1500 1500 0 0 100
adjfunc 26 0 0 1500 1500 0 1500 1500 1500 1500 0 0 100
adjfunc 27 0 0 1500 1500 0 1500 1500 1500 1500 0 0 100
adjfunc 28 0 0 1500 1500 0 1500 1500 1500 1500 0 0 100
adjfunc 29 0 0 1500 1500 0 1500 1500 1500 1500 0 0 100
adjfunc 30 0 0 1500 1500 0 1500 1500 1500 1500 0 0 100
adjfunc 31 0 0 1500 1500 0 1500 1500 1500 1500 0 0 100

# save configuration
save
# 